0 -1593.5403997263459
1 -1523.4113460563883
2 -1597.750477094304
3 -1333.2631996489054
4 -1148.9273856104644
5 -1549.7403255465981
6 -1505.4215804646997
7 -1583.4141542525833
8 -1456.6652649055743
9 -1517.3667489265915
10 -1499.4481751879566
11 -1186.1147026508982
12 -1479.222765945612
13 -972.862252753526
14 -1557.5558403776458
15 -1548.2373037193584
16 -1440.3098086210998
17 -1487.3847284222913
18 -1547.9715207026286
19 -1493.852230200865
20 -1525.5932246874288
21 -1476.899349704098
22 -1498.471893958765
23 -6.514332437330624
24 -1541.1753577243053
25 -1462.8831191768027
26 -1535.7495393125234
27 -1412.4193413315948
28 -1514.322313590208
29 -1525.0634497740823
30 -8.871024618866654
31 -1456.8159075655856
32 -1460.758149511112
33 -1506.7086031867343
34 -1466.3294484834444
35 -1447.190326088544
36 -1525.872893712268
37 -1552.8314981683889
38 -1238.3121607240373
39 -1475.914398154595
40 -1442.1560724116289
41 -1503.8527136616456
42 -1335.3139975218587
43 -1618.9657085939486
44 -1597.4639556874474
45 -1491.1381989879644
46 -1535.130876806814
47 -1608.7000453791406
48 -1444.7769958137958
49 -1522.7649952450088
50 -1421.2345170589997
51 -1534.9828714781906
52 -1575.9497878551122
53 -1577.2772723087205
54 -1519.455221214508
55 -1483.7699740220369
56 -1522.1596552957712
57 -1390.5542088490993
58 -1549.864681159789
59 -1421.218022873745
60 -1324.1999859625082
61 -1564.244150438233
62 -1414.2716930166687
63 -1388.7473239053363
64 -1390.099494053059
65 -1482.2332309557326
66 -1437.4254023787498
67 -1370.9061282225146
68 -1350.3805640227813
69 -969.0388976475272
70 -1318.2080910724872
71 -1312.3436309257543
72 -1508.4992065467197
73 -1293.266353416597
74 -5.082511835495016
75 -1548.42114938215
76 -1310.1486433887624
77 -1213.769062331786
78 -1251.4663277607863
79 -1252.6862329348805
80 -1359.860658648763
81 -883.0916186165158
82 -1262.5578797019953
83 -1231.6278541440686
84 -1517.4396756726048
85 -1222.6056983188262
86 -1203.427967307216
87 -1504.8074853361018
88 -1244.0931877511832
89 -882.7563914796636
90 -2.8121784966620673
91 -1217.922547102304
92 -1244.9291144469366
93 -1492.5507554641158
94 -1252.1200912170013
95 -1502.2679400494367
96 -1152.7892493474415
97 -1212.4883420297926
98 -6.048886622086391
99 -1263.2228897733398
100 -1140.0479347703963
101 -1240.344068292131
102 -1164.5122368407133
103 -1277.9008075302045
104 -1193.1787199433081
105 -1271.6651859137162
106 -1311.6387872676034
107 -1261.0301335886843
108 -1260.7893832883597
109 -1234.4503892588698
110 -1274.2416886438461
111 -1203.852503082212
112 -1493.1545249099347
113 -1177.4998142716618
114 -1237.7386027823193
115 -2.408755552517246
116 -1504.0097336984775
117 -69.65552300371921
118 -1052.7597187980546
119 -1194.190327969794
120 -1172.028669570085
121 -1493.4253453265942
122 -537.8251604621782
123 -1499.9437054038735
124 -1266.3328258219756
125 -1151.362818457858
126 -1494.6820903257785
127 -1145.6555870815785
128 -1166.6712582949485
129 -1501.549342868214
130 -1181.3340506008738
131 -1145.9787001188631
132 -1113.0167477054576
133 -1156.6656810324182
134 -1.966427712240696
135 -1124.729673466373
136 -1241.0010988149081
137 -1162.3474806386307
138 -1269.0223125972923
139 -1148.8726946730342
140 -1186.1281791322624
141 -1149.3900333280187
142 -1079.472326527015
143 -1172.3100038438088
144 -1145.5373310546404
145 -1137.3742228450087
146 -0.3330346620996827
147 -1138.3492783706677
148 -1117.0561830221043
149 -1123.5193332775739
150 -1099.574737839878
151 -1496.0975041527252
152 -1102.0192557832518
153 -1146.0646713920867
154 -996.9005669322602
155 -1026.465531662358
156 -1151.4539211358785
157 -1496.6405593816773
158 -1106.647944790288
159 -1114.9145149505644
160 -1117.7518052313949
161 -1090.5957188005216
162 -1118.4472598381228
163 -954.7822117552093
164 -986.3925012442413
165 -11.583021801466229
166 -1060.4038899654206
167 -1033.6252982779063
168 -10.027662928440973
169 -1111.496800870364
170 -1101.649394440312
171 -1100.8158117753362
172 -1046.0347037455792
173 -1113.2478547937974
174 -1101.2796055121544
175 -662.1061252370761
176 -1096.610971285999
177 -1087.2831923179574
178 -1109.509601308634
179 -1094.759431512113
180 -1105.309003932616
181 -1060.7271929912229
182 -9.7279302550825
183 -976.9783266917757
184 -1492.4166093399226
185 -928.0904859465597
186 -6.147126794291938
187 -2.420261082439348
188 -269.7196381520127
189 -997.6117380894982
190 -15.473115983924439
191 -972.4259228892994
192 -978.1455110362103
193 -15.17172294680023
194 -953.345357783336
195 -904.2450500853112
196 -662.905140925342
197 -1474.560435008115
198 -824.2309668329273
199 -1.3740971572906469
200 -669.3873885976028
201 -782.7929009971973
202 -136.35091115258754
203 -794.7427607730797
204 -666.1419708311714
205 -1495.6098844786356
206 -4.410822701490764
207 -132.94689009396328
208 -132.04120330729404
209 -524.8652594156345
210 -256.05246267302954
211 -260.7593429063698
212 -262.501388235197
213 -1494.0729664868688
214 -1499.8296527973241
215 -262.1233989998332
216 -127.47156994273485
217 -1493.0886842666773
218 -299.065868015
219 -267.99366144514914
220 -275.2191510778173
221 -790.6005844976935
222 -1493.190982481426
223 -1.7917367125354804
224 -398.8596394503003
225 -2.215485058813131
226 -270.26638312139943
227 -130.5661346088825
228 -825.9885977436112
229 -947.7418424345421
230 -263.82245726884554
231 -266.76151668110725
232 -530.3435087863694
233 -2.094949046865333
234 -1053.942744344824
235 -1.7519103869547796
236 -405.4092318988446
237 -132.86537278013853
238 -269.9438680483027
239 -799.1083755336529
240 -134.5705271190588
241 -280.88402202609217
242 -0.5214425095765816
243 -1.2037511843205677
244 -1497.9164509068557
245 -133.33686845059316
246 -249.35064014962444
247 -282.04568186099357
248 -140.53866616232804
249 -130.9710060570486
250 -130.66992759669418
251 -399.25256960099557
252 -129.03723373588184
253 -1.5426603889896744
254 -1493.0815784802496
255 -131.77505905332873
256 -129.89494654090916
257 -397.99720888839295
258 -268.09814717325975
259 -1495.4637643594058
260 -0.5467965761563707
261 -140.01936717571965
262 -1461.929174938228
263 -370.83541817845156
264 -255.31803506000188
265 -128.2488972399508
266 -131.24431293772105
267 -130.19644043735227
268 -138.64043866221593
269 -263.12169861584704
270 -266.04260750699785
271 -1.3246641244839614
272 -132.3373498264803
273 -123.66739918489125
274 -266.05344562218806
275 -133.38389966268556
276 -1220.8422829996814
277 -1235.120647966546
278 -261.6777298467594
279 -133.98103712474685
280 -128.7487131151405
281 -131.96836838049992
282 -283.8914231528694
283 -383.93496275063893
284 -4.379627624292611
285 -244.5737223865478
286 -130.36828093318744
287 -6.033605455585655
288 -134.41709351557142
289 -137.37011747381268
290 -132.60624753204573
291 -329.5774467281847
292 -5.530720512179959
293 -248.55039472957088
294 -273.6413479542565
295 -245.45536363028734
296 -279.16402750688616
297 -139.0396860280223
298 -250.21009808828728
299 -252.07313427538438
300 -1491.2928080523875
301 -289.79363250129035
302 -118.42672954479184
303 -391.2433249500588
304 -1.5365954642849493
305 -274.3386609493594
306 -124.7050568960823
307 -1.926686680398964
308 -3.0923618978961
309 -2.1458330491218467
310 -287.1885971510862
311 -132.54381080174912
312 -131.08832798604163
313 -130.90558079199386
314 -130.11332226093091
315 -253.4670036622512
316 -134.12192807984917
317 -129.22729872438697
318 -260.7640488306527
319 -1493.0611025035696
320 -251.599369929612
321 -498.8147491848971
322 -306.3439372615273
323 -263.0476435652496
324 -314.56538040792753
325 -135.40768329279754
326 -132.3537816939407
327 -400.58438314344204
328 -131.02008211819333
329 -334.1546751159564
330 -135.61707192010036
331 -123.18996410713018
332 -122.8029293920133
333 -132.7011154478763
334 -129.59930539021462
335 -382.93245220012847
336 -131.43103924602974
337 -2.286158453416745
338 -121.97059405958831
339 -2.065414698054862
340 -119.46940009858903
341 -389.12999191164533
342 -2.9161475827958108
343 -125.10003132168013
344 -2.309780066701407
345 -136.77774986820813
346 -275.10506473279963
347 -378.40574375345784
348 -129.1063048850567
349 -128.24601562444317
350 -132.61349162016046
351 -115.76932321786708
352 -135.9310863170131
353 -127.393772468387
354 -135.30926890796954
355 -288.4033929278376
356 -131.27587652581855
357 -131.25914554042393
358 -124.69816535729798
359 -129.96863614883165
360 -131.9424325030807
361 -3.8204239341438444
362 -127.23462785420986
363 -233.30297443813973
364 -130.9200351003268
365 -127.35508292731726
366 -133.6108619419484
367 -241.099988522211
368 -126.59206199463455
369 -242.8267883703562
370 -130.72374007716283
371 -131.86151725198636
372 -131.64895730033612
373 -137.61622023342667
374 -126.05426718048112
375 -120.05176324691756
376 -124.61975976683503
377 -1.4776203761392925
378 -3.0058468241509644
379 -124.30079287766488
380 -132.27298615763561
381 -263.25063028282995
382 -127.86540298258446
383 -125.3444741374031
384 -132.16098325192306
385 -268.3014587651087
386 -133.4021011226258
387 -130.59651586584906
388 -1.0736195023850157
389 -130.29990578335605
390 -130.33151323450699
391 -262.9864896862031
392 -248.42264613974507
393 -115.18216724016817
394 -130.23732978616493
395 -349.4026086991937
396 -412.2145885694079
397 -361.0819438750197
398 -125.49947473836326
399 -126.3669385005271
400 -255.70442104794455
401 -2.9135900421305805
402 -129.17052382257683
403 -130.56159635895867
404 -123.83839451916378
405 -129.21058805939438
406 -129.03018846193132
407 -326.98993027465474
408 -132.8289157101398
409 -253.9828102653068
410 -130.190098777852
411 -132.25461925747305
412 -356.2376136650287
413 -128.52217794504372
414 -243.45305766057396
415 -127.57956245820165
416 -127.68343196310549
417 -128.93456993338506
418 -121.89678867646214
419 -245.32242893770947
420 -245.96723005017418
421 -320.76611118539427
422 -128.59927821712367
423 -126.35555746666762
424 -129.29851978945342
425 -254.22010598343084
426 -131.8646025379704
427 -123.76654461322858
428 -127.99376104846068
429 -244.6840874247416
430 -122.2427022461881
431 -120.2638622851129
432 -285.2233489392888
433 -132.80855073804364
434 -244.64679975478654
435 -131.65440434403243
436 -129.502135395413
437 -129.61550969513866
438 -268.651792196175
439 -137.28781923195262
440 -135.1423174490146
441 -365.2549764121797
442 -128.49270309104608
443 -259.10100079067234
444 -0.6549854925476681
445 -133.80269115106856
446 -247.74179419369227
447 -127.46398230966889
448 -265.6986766965573
449 -1.054603720119439
450 -131.1710223655037
451 -359.08005621436234
452 -0.6128399152578973
453 -130.34796214726393
454 -136.8234021460155
455 -0.5419912528383994
456 -132.68068679168692
457 -2.809177348553555
458 -0.8782471477258877
459 -0.6363003149011696
460 -129.56415449657453
461 -2.1334750283951336
462 -0.575482924255032
463 -241.49595595700495
464 -126.1962192924262
465 -275.52980605941457
466 -316.5777847672744
467 -130.00966689551154
468 -127.1808912777293
469 -260.15971189444
470 -6.245501377670868
471 -135.81861137962258
472 -125.18016629259715
473 -240.9463877197303
474 -135.41808631134768
475 -245.42481776575298
476 -124.32785463576886
477 -129.5485984851618
478 -1.5774587636881736
479 -133.18522283048418
480 -141.77728407360684
481 -126.67563442121937
482 -132.12193823648155
483 -135.27609019124463
484 -356.69867136146905
485 -126.43622003727523
486 -131.26022224399125
487 -129.2578152515814
488 -126.70328840230093
489 -337.76502509196763
490 -130.437274126663
491 -129.6532036837334
492 -133.65871338552677
493 -269.12441239570745
494 -4.046727465823794
495 -129.63320958147574
496 -5.204519275026175
497 -126.70601680171806
498 -133.14921433753108
499 -248.76106211031643
500 -132.4563794499779
501 -245.03617168450342
502 -259.76482669490167
503 -129.7008337687586
504 -386.15967907250604
505 -126.80812126785362
506 -2.222670154885331
507 -122.05693357124375